25 13 9 3 27 17 26 21 19 10 24 30 15 12 7 4 28 32 18 2 31 20 23 1 22 29 16 6 5 0 11 8 14 
 
6 20 29 28 3 7 2 21 27 16 9 17 22 25 31 11 26 24 12 32 23 14 8 18 13 19 1 10 30 15 4 0 5 
 
11 5 7 22 19 25 20 6 15 4 32 2 26 14 28 30 17 24 13 3 10 1 18 21 29 9 27 0 31 12 16 8 23 
 
10 2 16 4 6 9 19 5 0 17 29 32 15 27 26 20 24 30 25 11 28 23 13 8 31 12 22 14 3 7 21 1 18 
 
7 27 17 28 5 3 16 15 6 9 29 18 0 30 32 25 26 4 31 11 10 14 21 19 24 22 12 20 13 23 2 1 8 
 
12 28 14 27 10 18 29 20 16 26 31 22 3 2 15 7 4 13 1 32 5 19 30 24 9 0 6 23 11 25 21 17 8 
 
16 17 0 2 19 1 25 18 26 31 20 24 6 22 12 5 9 4 14 21 8 28 23 29 27 3 13 10 11 7 30 15 32 
 
7 3 13 0 1 27 29 8 30 5 24 14 17 26 25 10 16 12 23 32 20 11 21 28 15 6 2 18 9 22 4 31 19 
 
7 13 27 2 18 5 21 28 4 0 8 30 15 3 23 29 12 17 31 9 22 14 1 24 20 32 10 19 16 11 26 6 25 
 
7 31 25 11 3 15 30 28 16 14 24 17 0 5 22 8 10 20 4 1 9 13 23 27 18 19 2 32 6 29 12 21 26 
 
24 12 4 2 10 15 7 25 6 28 22 18 32 3 5 9 30 0 8 19 16 21 27 1 20 29 14 26 23 11 31 13 17 
 
5 23 25 22 4 19 10 3 8 0 27 30 14 29 20 2 16 15 11 18 24 12 9 13 28 21 32 17 7 26 1 31 6 
 
16 6 18 14 29 10 31 1 25 21 30 24 26 9 22 27 32 5 13 2 19 11 4 28 20 17 3 0 12 15 8 7 23 
 
7 23 24 4 18 19 9 12 3 2 0 10 14 26 22 13 28 30 27 8 21 25 31 20 11 15 17 5 29 16 32 1 6 
 
6 11 27 7 32 8 4 9 15 21 10 5 23 2 17 13 30 1 3 19 22 0 16 14 20 25 24 18 31 29 12 26 28 
 
4 13 8 0 29 17 26 30 11 31 21 2 18 10 27 15 22 24 6 16 14 23 12 9 19 32 20 1 5 25 28 7 3 
 
6 32 20 29 19 3 23 15 24 30 1 8 26 14 10 16 4 2 22 13 25 28 21 7 31 9 17 0 5 11 27 18 12 
 
27 8 15 14 16 24 18 23 26 21 3 20 19 2 29 25 7 4 13 30 28 5 10 32 17 31 6 0 9 12 22 1 11 
 
22 2 25 11 29 18 4 30 16 1 9 23 8 15 21 32 26 0 28 3 24 10 19 13 14 31 20 5 17 7 27 12 6 
 
6 0 26 4 27 17 19 15 9 25 7 30 11 24 23 14 21 29 28 31 13 12 1 18 22 5 3 20 32 2 10 16 8 
 
7 5 0 22 4 27 11 30 12 31 29 28 15 2 23 16 24 21 13 9 10 18 17 26 19 8 14 1 3 20 6 25 32 
 
21 14 9 2 18 11 17 15 22 5 25 24 7 27 6 31 4 23 32 13 26 8 10 12 16 20 30 19 0 29 28 3 1 
 
24 16 11 7 12 15 3 18 13 10 23 22 32 14 5 20 4 25 6 9 17 1 0 2 19 29 28 8 30 31 27 21 26 
 
17 24 14 28 23 26 6 5 4 30 18 10 2 11 13 22 0 27 25 15 7 21 12 3 19 31 16 9 1 8 32 29 20 
 
29 11 24 32 31 2 20 17 5 12 6 1 23 16 3 19 4 10 30 0 25 27 22 26 18 8 9 13 7 28 21 14 15 
 
19 6 9 16 23 26 29 13 12 25 17 32 10 24 1 27 11 4 0 8 28 20 14 22 7 18 3 30 2 31 21 15 5 
 
17 10 30 11 21 12 1 0 6 2 18 25 4 19 5 32 16 13 23 22 7 31 15 8 3 26 29 20 27 9 14 28 24 
 
21 32 6 17 1 9 10 5 3 4 20 30 7 14 22 19 15 8 11 28 0 24 29 2 16 31 27 25 18 13 12 26 23 
 
16 17 10 14 13 1 31 26 32 12 29 9 0 8 28 24 19 4 30 3 15 25 5 20 23 22 6 27 2 18 11 21 7 
 
8 18 30 10 31 1 12 27 29 23 16 9 25 19 5 26 22 7 2 0 21 6 3 32 24 14 17 4 11 20 28 15 13 
 
3 16 18 22 15 9 13 29 17 7 19 6 11 20 27 25 5 4 21 23 8 30 26 14 10 1 28 24 12 32 2 31 0 
 
24 20 0 12 9 25 2 1 3 30 17 4 6 28 29 31 14 27 5 11 7 18 26 21 13 16 19 10 22 23 32 8 15 
 
23 30 4 16 3 10 26 25 31 8 22 14 0 1 12 2 5 6 21 32 11 15 29 28 7 18 9 20 17 24 13 27 19 
 
18 31 22 0 12 5 6 17 26 10 16 21 11 32 7 20 4 8 24 29 23 25 30 3 1 19 15 14 2 9 13 27 28 
 
11 18 21 23 20 8 19 15 24 14 31 29 16 22 25 7 9 6 32 2 10 28 12 0 3 27 4 13 26 30 17 5 1 
 
7 2 3 11 24 25 10 21 14 8 30 0 22 6 31 4 16 20 5 17 29 1 32 27 9 15 19 23 28 13 26 12 18 
 
8 9 19 27 1 4 6 21 0 23 12 17 24 32 20 26 3 5 7 25 29 18 28 13 14 22 2 10 11 16 30 15 31 
 
22 19 31 9 0 30 23 24 8 25 1 4 17 15 18 16 11 10 28 3 32 2 27 29 12 5 21 14 26 7 13 20 6 
 
24 22 31 18 0 8 3 26 25 10 7 1 21 16 12 6 20 11 13 15 4 17 5 28 30 9 27 23 19 14 29 32 2 
 
32 3 5 9 26 1 21 28 7 4 10 8 19 16 18 30 12 13 20 15 29 31 11 6 25 14 24 2 23 22 27 17 0 
 
7 3 4 17 25 16 31 8 20 23 30 28 12 21 27 26 29 22 1 0 15 14 9 32 10 18 6 24 11 5 2 19 13 
 
16 18 3 10 28 6 5 23 12 31 29 25 30 19 1 22 15 4 17 21 13 20 8 32 9 0 2 11 7 24 27 14 26 
 
21 28 8 29 9 2 3 32 20 10 24 18 16 30 27 31 22 25 7 11 5 4 0 13 15 12 26 6 17 19 14 1 23 
 
2 26 5 0 27 9 15 25 12 18 30 29 31 3 10 19 32 11 13 14 28 4 16 23 24 6 20 7 22 21 8 17 1 
 
5 12 14 15 13 18 16 2 19 32 31 30 22 24 9 20 11 21 8 6 27 26 28 1 25 10 4 29 17 7 3 23 0 
 
30 8 22 17 31 11 7 29 10 16 20 0 21 19 3 1 6 25 24 32 12 4 27 26 14 15 9 13 5 28 2 18 23 
 
10 7 18 1 9 24 14 4 8 22 15 5 11 20 26 6 31 28 13 2 17 0 23 30 19 3 21 25 29 12 27 16 32 
 
